sphere
1
0
0
12
0
0
0
1
1
1
0.1
0.1
0.1
0.5
0.5
0.5
0.99
0.91
0.81
10
2
1
cube
8
12
0
0
0
0
0
1
1
1
0.1
0.1
0.1
0.5
0.5
0.5
0.99
0.91
0.81
10
4
1
tetrahedron
15
16
0
9
0
0
0
1
1
1
0.0215
0.1745
0.0215
0.07568
0.61424
0.07568
0.633
0.727811
0.633
76.8
1
0
cube
22
-23
0
-2
0
0
1
1
1
1
0.24725
0.1995
0.0745
0.75164
0.60648
0.22648
0.628281
0.555802
0.366065
51.2
1
0
torus
36
11
0
12
0
0
0
1
1
1
0.1
0.1
0.1
0.5
0.5
0.5
0.99
0.91
0.81
10
3
1
teapot
43
0
0
-21
0
0
0
1
1
1
0.0215
0.1745
0.0215
0.07568
0.61424
0.07568
0.633
0.727811
0.633
76.8
1
0
teapot
50
18
0
16
0
0
0
1
1
1
0.1745
0.01175
0.01175
0.61424
0.04136
0.04136
0.727811
0.626959
0.626959
76.8
1
0
